% The coefficients are stored in the vector A and the pole
% locations are stored in the vector P.  The pole at zero and
% the pole at infinity are not written.  The first and last 
% coefficients correspond to the poles at zero and infinity,
% respectivily.

% 
% This M-File was generated by ElectronicsDesktop

A = zeros(2,1);
P = zeros(0,1);
A1 = zeros(8,8);
A1(1,1) = 0.014941727551993 + -6.7593861830154e-22i;
A1(1,2) = -0.0048746758559216 + 1.6898465457539e-22i;
A1(1,3) = -0.00038091363850275 + 6.336924546577e-23i;
A1(1,4) = -0.00015200012228325 + -4.2246163643846e-23i;
A1(1,5) = 0 + 0i;
A1(1,6) = 0 + 0i;
A1(1,7) = 0 + 0i;
A1(1,8) = 0 + 0i;
A1(2,1) = -0.0048746758559216 + 1.6898465457539e-22i;
A1(2,2) = 0.015666778830761 + 6.7593861830154e-22i;
A1(2,3) = -0.0025213058415222 + 3.3796930915077e-22i;
A1(2,4) = -0.00037842232050855 + -4.2246163643846e-23i;
A1(2,5) = 0 + 0i;
A1(2,6) = 0 + 0i;
A1(2,7) = 0 + 0i;
A1(2,8) = 0 + 0i;
A1(3,1) = -0.00038091363850275 + 6.336924546577e-23i;
A1(3,2) = -0.0025213058415222 + 3.3796930915077e-22i;
A1(3,3) = 0.015679490170616 + -4.7315703281108e-21i;
A1(3,4) = -0.0048919579153901 + -5.0695396372616e-22i;
A1(3,5) = 0 + 0i;
A1(3,6) = 0 + 0i;
A1(3,7) = 0 + 0i;
A1(3,8) = 0 + 0i;
A1(4,1) = -0.00015200012228325 + -4.2246163643846e-23i;
A1(4,2) = -0.00037842232050855 + -4.2246163643846e-23i;
A1(4,3) = -0.0048919579153901 + -5.0695396372616e-22i;
A1(4,4) = 0.014961161301171 + -6.7593861830154e-22i;
A1(4,5) = 0 + 0i;
A1(4,6) = 0 + 0i;
A1(4,7) = 0 + 0i;
A1(4,8) = 0 + 0i;
A1(5,1) = 0 + 0i;
A1(5,2) = 0 + 0i;
A1(5,3) = 0 + 0i;
A1(5,4) = 0 + 0i;
A1(5,5) = 0.014967165783464 + 6.0834475647139e-21i;
A1(5,6) = -0.0048712891025703 + 3.3796930915077e-22i;
A1(5,7) = -0.0003830511500609 + 0i;
A1(5,8) = -0.00015367075733111 + 1.6898465457539e-22i;
A1(6,1) = 0 + 0i;
A1(6,2) = 0 + 0i;
A1(6,3) = 0 + 0i;
A1(6,4) = 0 + 0i;
A1(6,5) = -0.0048712891025703 + 3.3796930915077e-22i;
A1(6,6) = 0.015646871938968 + -6.7593861830154e-22i;
A1(6,7) = -0.002517643970992 + 5.0695396372616e-22i;
A1(6,8) = -0.00037861677971216 + -2.1123081821923e-23i;
A1(7,1) = 0 + 0i;
A1(7,2) = 0 + 0i;
A1(7,3) = 0 + 0i;
A1(7,4) = 0 + 0i;
A1(7,5) = -0.0003830511500609 + 0i;
A1(7,6) = -0.002517643970992 + 5.0695396372616e-22i;
A1(7,7) = 0.015670079689685 + -4.7315703281108e-21i;
A1(7,8) = -0.0048835565802478 + 6.7593861830154e-22i;
A1(8,1) = 0 + 0i;
A1(8,2) = 0 + 0i;
A1(8,3) = 0 + 0i;
A1(8,4) = 0 + 0i;
A1(8,5) = -0.00015367075733111 + 1.6898465457539e-22i;
A1(8,6) = -0.00037861677971216 + -2.1123081821923e-23i;
A1(8,7) = -0.0048835565802478 + 6.7593861830154e-22i;
A1(8,8) = 0.014952665134206 + 2.0278158549046e-21i;
A2 = zeros(8,8);
A2(1,1) = -0.00012209089338165 + -3.517182683107e-19i;
A2(1,2) = 3.1835956933268e-05 + -1.7765361511612e-19i;
A2(1,3) = 1.6670957234283e-06 + -8.7480946837484e-21i;
A2(1,4) = -3.4645082659116e-06 + -7.925624243396e-21i;
A2(1,5) = 0 + 0i;
A2(1,6) = 0 + 0i;
A2(1,7) = 0 + 0i;
A2(1,8) = 0 + 0i;
A2(2,1) = 3.1835956933268e-05 + -1.7765361511612e-19i;
A2(2,2) = -0.00013075420862236 + -1.1963206405126e-21i;
A2(2,3) = 2.0520928043318e-05 + -1.1753850293036e-19i;
A2(2,4) = 1.7002004589886e-06 + -5.981603202563e-22i;
A2(2,5) = 0 + 0i;
A2(2,6) = 0 + 0i;
A2(2,7) = 0 + 0i;
A2(2,8) = 0 + 0i;
A2(3,1) = 1.6670957234283e-06 + -8.7480946837484e-21i;
A2(3,2) = 2.0520928043318e-05 + -1.1753850293036e-19i;
A2(3,3) = -0.00013012746551644 + -1.6006770170059e-18i;
A2(3,4) = 3.1415187943378e-05 + -1.30698029976e-19i;
A2(3,5) = 0 + 0i;
A2(3,6) = 0 + 0i;
A2(3,7) = 0 + 0i;
A2(3,8) = 0 + 0i;
A2(4,1) = -3.4645082659116e-06 + -7.925624243396e-21i;
A2(4,2) = 1.7002004589886e-06 + -5.981603202563e-22i;
A2(4,3) = 3.1415187943378e-05 + -1.30698029976e-19i;
A2(4,4) = -0.00012183130716626 + -1.6676709728746e-18i;
A2(4,5) = 0 + 0i;
A2(4,6) = 0 + 0i;
A2(4,7) = 0 + 0i;
A2(4,8) = 0 + 0i;
A2(5,1) = 0 + 0i;
A2(5,2) = 0 + 0i;
A2(5,3) = 0 + 0i;
A2(5,4) = 0 + 0i;
A2(5,5) = -0.00012253794434879 + -1.2992042155967e-18i;
A2(5,6) = 3.2056953987669e-05 + 5.2458660086477e-19i;
A2(5,7) = 1.81520005013e-06 + 8.1499343634921e-21i;
A2(5,8) = -3.391271423904e-06 + 8.8228647237804e-21i;
A2(6,1) = 0 + 0i;
A2(6,2) = 0 + 0i;
A2(6,3) = 0 + 0i;
A2(6,4) = 0 + 0i;
A2(6,5) = 3.2056953987669e-05 + 5.2458660086477e-19i;
A2(6,6) = -0.00013089807820066 + 5.5748541847887e-19i;
A2(6,7) = 2.0502200364131e-05 + 2.3836688762214e-19i;
A2(6,8) = 1.7197201320856e-06 + 4.1497372217781e-20i;
A2(7,1) = 0 + 0i;
A2(7,2) = 0 + 0i;
A2(7,3) = 0 + 0i;
A2(7,4) = 0 + 0i;
A2(7,5) = 1.81520005013e-06 + 8.1499343634921e-21i;
A2(7,6) = 2.0502200364131e-05 + 2.3836688762214e-19i;
A2(7,7) = -0.0001297758144346 + 1.0766885764613e-18i;
A2(7,8) = 3.1167412460385e-05 + 2.9309855692559e-19i;
A2(8,1) = 0 + 0i;
A2(8,2) = 0 + 0i;
A2(8,3) = 0 + 0i;
A2(8,4) = 0 + 0i;
A2(8,5) = -3.391271423904e-06 + 8.8228647237804e-21i;
A2(8,6) = 1.7197201320856e-06 + 4.1497372217781e-20i;
A2(8,7) = 3.1167412460385e-05 + 2.9309855692559e-19i;
A2(8,8) = -0.00012185538008802 + -7.8598266081678e-19i;
